.Random.seed <-
c(403L, 1L, 390698764L, 582738255L, -1760429563L, -1100019524L, 
-1677287022L, 1556462221L, 590391495L, -1061413458L, -1268791288L, 
-2142348277L, 1048164585L, -855353416L, 1490038886L, 253788417L, 
-1686087789L, -1045977022L, -1435205644L, 1576655351L, -1151496723L, 
1667948164L, -729022294L, -1077916139L, 1028387503L, 2014906550L, 
-1694644512L, -199181789L, -1462966975L, 1456609328L, -602750386L, 
63268537L, 1917772491L, 797807482L, 388153980L, -505186625L, 
-2035286123L, 1400879020L, 543147394L, 2047470429L, -1201052073L, 
-1220430530L, 355837304L, 1954174555L, 1076961721L, -1930009592L, 
766746294L, 23776753L, -125107165L, 1782258802L, 2015968964L, 
-1722656633L, 504478813L, 793715284L, 21690490L, -1400153147L, 
1983147295L, -210977626L, -778244560L, -4254509L, -1145234703L, 
-520173024L, -1736725314L, -2081146679L, -876320133L, -598319030L, 
1304621228L, 1618995119L, 421319525L, -996620004L, -1815858830L, 
-1389522451L, -840993241L, -439323058L, 1052711592L, 727480491L, 
171147721L, -1445999144L, -20915066L, 1830060385L, 77907187L, 
-1365963934L, -580565548L, -1703849769L, 1740882637L, 358867556L, 
-357779382L, 1459342773L, -167964401L, -177836522L, 704407744L, 
-699310461L, -607085919L, 1804160144L, 911247214L, 183632153L, 
-337952341L, 25395098L, 1260801884L, -476512673L, 55209525L, 
1217875404L, 1112952098L, -323618947L, -1435661193L, -1613229666L, 
-39016360L, 1313330619L, -1582081191L, -349157144L, -598226666L, 
580524689L, 1206540099L, -876486062L, 514532580L, 995987239L, 
990735229L, 2022919796L, -584101798L, 1976207525L, -461874497L, 
1782260038L, -610248752L, 2089124339L, -908219119L, -1739110080L, 
-739501794L, 1989598697L, -2104078565L, 378804522L, -1728875956L, 
169774607L, -391077563L, -2121856260L, -1307877038L, 550127309L, 
1930559111L, 1063569774L, 1781252936L, 1751742283L, -2131837271L, 
1381032952L, -1340343514L, -898962367L, 1391254995L, -1383264382L, 
134251444L, 1061403447L, 1554602541L, 796465988L, -1485082518L, 
1996737237L, 1001002095L, -1837462154L, -1254287712L, -375483549L, 
-820381695L, -505674896L, -1530664178L, -917961351L, -402693877L, 
199303738L, -1809155780L, -973777281L, -1609073195L, -508283924L, 
-1949391550L, 2071001757L, 579147543L, 1807890046L, 585610808L, 
608522523L, 886109817L, -670895416L, -1390771466L, -598504655L, 
-2049066141L, 744427826L, -1817496956L, 524377799L, -6675043L, 
916730132L, 1312317370L, -656762363L, -918164513L, 1230881382L, 
-888554000L, -897938669L, 426316977L, -1106548896L, 2126685438L, 
1903944841L, 613663675L, 1431367050L, -239047572L, -964934161L, 
23961125L, -419267876L, 76198066L, -1148746835L, 490862439L, 
-104381298L, -308526744L, -451264149L, 1807807241L, -2047384168L, 
-1673898810L, 1070181921L, -1489432909L, -1258294238L, -1166381548L, 
-32103785L, 1525775501L, 393752996L, 1372199818L, -437028875L, 
-771967409L, 881086806L, 15973376L, -1943538365L, -754845471L, 
-785509808L, 1551789742L, 1150138969L, 95961707L, -362895398L, 
1742882972L, 941509279L, 1704421621L, 99165012L, -209472536L, 
-1173617926L, 2026106704L, -633581524L, -1460326028L, 790526610L, 
758452832L, -1779127156L, 1469635936L, 1548861666L, 1955023016L, 
256434892L, -1399495172L, -528156750L, 1180303344L, -1768874556L, 
-819103400L, -954012294L, -1340248656L, -900163140L, 1943161428L, 
1265032642L, -65717472L, -529753156L, 1219060816L, -1589901342L, 
-607098008L, -1073662132L, -291267844L, 1352618738L, -829218560L, 
1565181044L, 457767432L, -694234694L, -1365354032L, 1728926700L, 
-969582700L, -2096614190L, 2129514592L, 493726028L, -567898336L, 
1303073410L, 2050855400L, 1116845036L, -1335386564L, -992329102L, 
-1060386960L, 1601118500L, 587140664L, 268262810L, -1247185456L, 
1847628220L, 2094541460L, 1592317570L, 58866112L, -1571807428L, 
1926301328L, -726420702L, 784780808L, -665626868L, 733421468L, 
-335509486L, 1070560128L, 591388436L, -761997016L, 416753722L, 
451635152L, -1879727508L, 1600943156L, -1244685166L, 284484960L, 
2141360460L, -2097983008L, 1487177634L, 1684664232L, -2127741812L, 
-772088900L, 963297394L, 1328059376L, -653266876L, 1765954648L, 
696531002L, -567095184L, -1431229892L, -446219500L, -751677758L, 
399834848L, 237712508L, 1019158736L, -1928490078L, -1543921112L, 
1321655564L, -1633293380L, -1934267086L, -2137148224L, 585793076L, 
1929221832L, 795872954L, -743806832L, 290826988L, 554259028L, 
-1524361582L, 1398999840L, -1756673076L, -1835227936L, -849777982L, 
1066491944L, -1175444564L, -493960516L, 837586418L, 1702907440L, 
1175717796L, -884193864L, 1439811418L, -2046744432L, -147504260L, 
-1312654572L, -1536605886L, -1154493696L, -1422067780L, -1536113840L, 
-1175081694L, 425870920L, -538703860L, -1275332516L, -103824942L, 
-1369693696L, -2102232748L, -844618520L, -143065862L, 1702592208L, 
-1107364564L, -311248652L, 1728486802L, -809823904L, 814272524L, 
-558553376L, -1095677342L, -1941436760L, -1578650036L, 385876860L, 
862655794L, 861271664L, 380627780L, -2047855656L, 174043002L, 
-1778431440L, -68117572L, -1932475820L, 822600770L, 1507500192L, 
-1422546244L, 1245588944L, -1063094430L, 1443392232L, -1276513076L, 
1079770620L, -1528010254L, -465418624L, -2115123724L, 246264456L, 
-1294561478L, 1764241232L, -956547988L, -570313324L, 1023628370L, 
-503719456L, 2044505292L, -1796532064L, 2048178562L, 1513392360L, 
-1584559380L, 221246780L, -2029947790L, -1523512208L, -720587740L, 
-623574984L, -260508902L, -71490352L, 312951612L, 498110356L, 
-1410058366L, -55681600L, -49409476L, 76749200L, 688562722L, 
565345544L, 1919558284L, -800446692L, 11884690L, -1884550784L, 
-1777587692L, 1540649768L, 538885690L, 1073447376L, 510412140L, 
432151476L, 233032722L, 1789688288L, -2146976820L, 1347746016L, 
539209762L, 1315908904L, -1356968436L, -2100384964L, -978787342L, 
685706992L, -1922493884L, 858000984L, 303903546L, -1164992016L, 
347455164L, 992660756L, -1143712062L, -1692198816L, 880199548L, 
76180432L, -1578267358L, 926848680L, 693185420L, -537256772L, 
1335363378L, 937433664L, 911794356L, -197375416L, 1806732730L, 
-586731320L, -323151514L, 2103540627L, 1957995765L, 355931346L, 
-1606122720L, -658973943L, 1690164283L, 798933388L, 785864730L, 
-1229560689L, 2075421657L, -26129298L, -1597362180L, 815531373L, 
285646615L, 1068170976L, -2022376258L, 524860043L, -1190948595L, 
1311954234L, 951866744L, -1885446367L, -499845165L, 470310644L, 
667107202L, 43222551L, -44274463L, 1527085606L, -463635676L, 
-1459801131L, -1883282561L, -1240283624L, 221072694L, 1600750531L, 
-795923963L, -189435486L, -547547760L, 1071355193L, 1064116715L, 
-160079140L, -1226586358L, -429061633L, 661774409L, -1845220898L, 
-1466863220L, 709569885L, -163328665L, -605180272L, 245870766L, 
-710815397L, -1744222915L, -342354006L, 511029320L, -1218557839L, 
1565361635L, 240304356L, 47500306L, 1205258215L, 506671025L, 
1380893174L, 716434452L, 1909773093L, 922960943L, -1740892696L, 
-1071856954L, -578229389L, 211276757L, 502823858L, 1573379456L, 
672015721L, 56838619L, -161484500L, -1547553990L, -1194914321L, 
1124087929L, 531489550L, -1262700836L, -1171192499L, 144365751L, 
1121493568L, 1743461150L, -1787985429L, -712331923L, 1300902874L, 
-1119300200L, 909237249L, 1343667635L, -2140298028L, 2098377186L, 
764144759L, -2062519871L, -886772922L, -912443772L, 1296113717L, 
-1714524129L, -166709384L, 1227640406L, -774847773L, -546347867L, 
-809276094L, 1013889840L, 6250329L, 1459352779L, 1311581500L, 
-1969000086L, 718396319L, 830879273L, 787904702L, -1925774932L, 
-2124595459L, 933915207L, -888370896L, -1455721906L, -1818477957L, 
-1686976035L, 934584330L, -1910283992L, 313720721L, -1427459709L, 
296210052L, -1585615694L, 221989895L, 1385273425L, 340109270L, 
-1795332428L, 1434482373L, -1554855921L, 2069493896L, -1647916634L, 
375304531L, 948765365L, 467793938L, -1778664992L, -975582135L, 
-856950149L, -950549684L, -2027321638L, 1903213263L, -72815975L, 
1872996014L, 2075980732L, -165336019L, 812540887L, -45086176L, 
-182563970L, -789965493L, -1222568115L, 1991581050L, -1350705224L, 
